$ANSIBLE_VAULT;1.1;AES256
62636334636639353066386233363133663861613262643136383639343438643434343766346234
3734313731666230366133306465303036646530633535660a363262373865303766306138343531
35383866653762333836623438376637336162346530643964343035383131323939346639313439
3436346464383338360a653034643264383962306561663834653636666132333139386131616432
34313035353665353362363831333831666462643031623731356464363565343730626263396536
37663662613465373931353632653337373239373463373232396338613532663532636566303432
37653666363435303438306132346330326437376338616362373465346633323136326133353331
64613366613762346537366265666264313930653564373833653164666532623434646531663662
62373261383436666438336662653538616334336533313434346162383030353861643438313631
33643132626432383936633530656339666466376163653034626165306165663833303839663437
31353963373238626563393331653134323161306563356435663865303334656133626435613938
35366536366239323037336430623430666365613433356538656331333132613733316130366361
31323833656632653463663138663639643965633137633365653864663363383234373236386161
66343131326662653862663263353231333331373235653764643064623235373261303735666561
633266356463636436633165356164333862
